 Episode    Step   Epsilon     MeanReward     MeanLength       MeanLoss     MeanQValue      TimeDelta                Time
       0     154     1.000        637.000        154.000          0.000          0.000          3.600 2024-05-16T03:48:30
     200   77973     0.981        619.380        420.580          0.000          0.000       1651.815 2024-05-16T04:16:02
     400  143662     0.965        543.290        306.840          1.093          5.082       1468.165 2024-05-16T04:40:30
     600  221685     0.946        583.010        441.090          1.890         12.554       1803.969 2024-05-16T05:10:34
     800  305847     0.926        565.580        366.410          1.787         13.437       1952.710 2024-05-16T05:43:07
    1000  391566     0.907        601.870        438.680          1.912         15.213       2001.101 2024-05-16T06:16:28
    1200  466037     0.890        614.670        352.190          1.719         14.894       1756.585 2024-05-16T06:45:45
    1400  535400     0.875        649.100        383.080          1.911         17.387       1644.367 2024-05-16T07:13:09
    1600  622981     0.856        626.230        478.070          1.754         16.321       2074.067 2024-05-16T07:47:43
    1800  681078     0.843        582.300        313.370          1.953         17.752       1379.288 2024-05-16T08:10:42
    2000  734708     0.832        548.770        253.970          2.162         20.954       1279.025 2024-05-16T08:32:01
    2200  803915     0.818        642.540        341.250          2.095         20.902       1649.218 2024-05-16T08:59:31
    2400  872196     0.804        624.930        356.480          1.908         18.729       1621.774 2024-05-16T09:26:32
    2600  937284     0.791        588.000        375.910          1.859         18.809       1558.330 2024-05-16T09:52:31
    2800 1013158     0.776        604.600        357.100          1.673         16.715       1828.386 2024-05-16T10:22:59
    3000 1064993     0.766        638.640        260.500          1.987         21.105       1252.351 2024-05-16T10:43:51
    3200 1139211     0.752        625.170        292.110          1.853         19.659       1789.088 2024-05-16T11:13:41
    3400 1196398     0.741        645.110        315.460          1.921         20.604       1408.754 2024-05-16T11:37:09
    3600 1255707     0.731        518.750        310.080          2.077         22.576       1517.825 2024-05-16T12:02:27
    3800 1295600     0.723        688.240        198.260          2.215         24.464       1003.931 2024-05-16T12:19:11
    4000 1345073     0.714        623.400        282.480          2.451         27.663       1245.590 2024-05-16T12:39:57
    4200 1393516     0.706        634.940        224.960          2.328         27.487       1176.926 2024-05-16T12:59:34
    4400 1448765     0.696        721.300        276.940          2.470         27.662       1361.632 2024-05-16T13:22:15
    4600 1490576     0.689        742.030        234.650          2.712         30.864       1029.724 2024-05-16T13:39:25
    4800 1534598     0.681        700.830        227.960          3.008         33.698       1079.357 2024-05-16T13:57:24
