 Episode    Step   Epsilon     MeanReward     MeanLength       MeanLoss     MeanQValue      TimeDelta                Time
       0     157     0.360       1038.000        157.000          0.000          0.000          4.409 2024-05-17T12:37:48
     200   31431     0.357       1026.940        152.620          0.000          0.000        760.812 2024-05-17T12:50:29
     400   61478     0.354       1013.690        149.130          0.000          0.000        727.557 2024-05-17T13:02:37
     600   93188     0.351       1000.910        150.100          0.000          0.000        765.799 2024-05-17T13:15:22
     800  125558     0.349        980.490        161.020          4.747         70.758        819.163 2024-05-17T13:29:02
    1000  153671     0.346        909.770        144.200          4.648         69.768        724.685 2024-05-17T13:41:06
    1200  184007     0.344        935.400        143.620          4.780         68.689        780.000 2024-05-17T13:54:06
    1400  216116     0.341       1090.290        178.370          4.711         69.505        824.132 2024-05-17T14:07:50
    1600  245087     0.338        874.350        156.800          4.613         69.804        754.659 2024-05-17T14:20:25
    1800  276123     0.336        983.780        162.230          4.535         69.497        820.199 2024-05-17T14:34:05
    2000  308405     0.333       1070.750        165.190          4.490         68.887        835.758 2024-05-17T14:48:01
    2200  342209     0.330        964.330        160.700          4.510         68.761        870.065 2024-05-17T15:02:31
    2400  373070     0.328        924.990        152.040          4.617         68.823        792.870 2024-05-17T15:15:44
    2600  405622     0.325        978.010        169.140          4.559         68.115        838.584 2024-05-17T15:29:43
    2800  435663     0.323        994.480        146.820          4.644         68.963        773.152 2024-05-17T15:42:36
    3000  466709     0.320        899.720        145.970          4.471         70.024        802.163 2024-05-17T15:55:58
    3200  499733     0.317       1064.700        166.620          4.408         70.074        854.339 2024-05-17T16:10:12
    3400  531631     0.315       1015.800        159.790          4.484         69.703        828.819 2024-05-17T16:24:01
    3600  563772     0.312       1184.890        183.080          4.546         69.744        831.482 2024-05-17T16:37:52
    3800  596942     0.310       1050.150        162.610          4.599         69.164        857.575 2024-05-17T16:52:10
    4000  630847     0.307       1054.850        163.200          4.599         69.839        875.876 2024-05-17T17:06:46
    4200  663333     0.305       1113.140        166.910          4.694         69.898        842.489 2024-05-17T17:20:48
    4400  696733     0.302       1103.540        172.570          4.637         70.459        864.847 2024-05-17T17:35:13
    4600  727979     0.300       1033.340        158.320          4.647         71.259        811.155 2024-05-17T17:48:44
    4800  758439     0.298       1069.190        154.110          4.505         72.970        791.665 2024-05-17T18:01:56
    5000  787004     0.295       1024.830        143.680          4.586         74.299        742.683 2024-05-17T18:14:19
    5200  824494     0.293       1128.940        194.840          4.410         72.802        977.127 2024-05-17T18:30:36
    5400  858029     0.290       1025.740        147.450          4.511         70.923        873.829 2024-05-17T18:45:10
    5600  890165     0.288       1087.220        164.110          4.461         71.509        836.945 2024-05-17T18:59:07
    5800  924501     0.285       1071.370        172.290          4.533         72.218        890.230 2024-05-17T19:13:57
    6000  961524     0.283       1180.460        174.560          4.495         71.383        958.712 2024-05-17T19:29:56
    6200  993681     0.281       1112.060        166.820          4.573         71.408        835.415 2024-05-17T19:43:51
    6400 1024850     0.278       1116.890        173.060          4.619         73.598        809.554 2024-05-17T19:57:21
    6600 1060382     0.276       1025.410        167.540          4.527         72.419        920.237 2024-05-17T20:12:41
    6800 1097008     0.273       1105.700        186.420          4.655         68.114        949.967 2024-05-17T20:28:31
    7000 1129664     0.271       1047.890        153.040          4.092         63.504        848.018 2024-05-17T20:42:39
    7200 1160734     0.269       1116.110        159.740          4.199         67.988        806.042 2024-05-17T20:56:05
    7400 1192620     0.267       1186.110        165.070          4.469         72.527        826.707 2024-05-17T21:09:52
    7600 1225248     0.265       1011.600        157.930          4.751         76.595        846.468 2024-05-17T21:23:58
    7800 1255720     0.263       1052.310        159.060          4.683         75.517        791.925 2024-05-17T21:37:10
    8000 1285840     0.261       1108.580        143.700          4.800         75.187        784.309 2024-05-17T21:50:14
    8200 1321122     0.259       1177.300        199.870          4.594         75.357        916.236 2024-05-17T22:05:31
    8400 1355473     0.256       1090.260        171.700          4.561         73.494        894.831 2024-05-17T22:20:25
    8600 1392250     0.254       1154.960        180.830          4.438         70.187        958.627 2024-05-17T22:36:24
    8800 1426309     0.252       1130.300        170.910          4.151         68.908        887.885 2024-05-17T22:51:12
    9000 1461384     0.250       1227.980        187.520          4.155         69.531        915.311 2024-05-17T23:06:27
    9200 1499073     0.247       1271.240        184.540          4.262         70.725       1015.929 2024-05-17T23:23:23
    9400 1532413     0.245       1113.750        167.010          4.365         72.160        889.624 2024-05-17T23:38:13
    9600 1568230     0.243       1123.000        165.780          4.297         72.085        951.703 2024-05-17T23:54:04
    9800 1600908     0.241       1229.710        168.960          4.415         73.519        867.313 2024-05-18T00:08:32
