 Episode    Step   Epsilon     MeanReward     MeanLength       MeanLoss     MeanQValue      TimeDelta                Time
       0      40     0.527        235.000         40.000          0.000          0.000          1.109 2024-05-16T21:14:22
     200   31422     0.523        801.170        148.510          0.000          0.000        741.002 2024-05-16T21:26:43
     400   64452     0.519        856.510        166.980          0.000          0.000        780.176 2024-05-16T21:39:44
     600   94305     0.515        818.440        151.300          0.000          0.000        702.025 2024-05-16T21:51:26
     800  124599     0.511        784.890        148.240          4.567         57.125        753.998 2024-05-16T22:04:00
    1000  153536     0.507        791.610        146.060          4.570         58.655        735.796 2024-05-16T22:16:15
    1200  183483     0.504        826.340        146.390          4.447         59.667        763.962 2024-05-16T22:28:59
    1400  213261     0.500        774.390        141.500          4.468         61.021        759.913 2024-05-16T22:41:39
    1600  245137     0.496        855.700        143.790          4.426         59.720        812.347 2024-05-16T22:55:12
    1800  274179     0.492        800.040        142.110          4.439         61.048        740.557 2024-05-16T23:07:32
    2000  302938     0.489        839.260        155.830          4.640         62.014        734.295 2024-05-16T23:19:47
    2200  333970     0.485        829.300        158.970          4.606         62.994        793.678 2024-05-16T23:33:00
    2400  365085     0.481        960.020        169.490          4.523         62.812        798.696 2024-05-16T23:46:19
    2600  392699     0.478        763.680        137.870          4.462         63.144        709.379 2024-05-16T23:58:08
    2800  422469     0.474        798.940        144.270          4.431         63.277        763.951 2024-05-17T00:10:52
    3000  452305     0.471        887.630        162.170          4.547         63.991        758.790 2024-05-17T00:23:31
    3200  482370     0.467        863.510        148.090          4.397         62.975        764.221 2024-05-17T00:36:15
    3400  512191     0.464        836.170        144.380          4.420         63.820        756.236 2024-05-17T00:48:51
    3600  541193     0.461        811.530        145.590          4.598         64.181        735.630 2024-05-17T01:01:07
    3800  570783     0.457        930.880        158.740          4.674         66.118        754.788 2024-05-17T01:13:42
    4000  602499     0.454        964.270        170.440          4.671         66.581        809.259 2024-05-17T01:27:11
    4200  633375     0.450        968.160        156.560          4.672         66.396        788.362 2024-05-17T01:40:20
    4400  664781     0.447        860.140        158.550          4.725         65.776        804.735 2024-05-17T01:53:44
    4600  694058     0.443        803.230        142.830          4.658         64.922        750.023 2024-05-17T02:06:14
    4800  723008     0.440        902.920        148.690          4.692         65.183        742.704 2024-05-17T02:18:37
