 Episode    Step   Epsilon     MeanReward     MeanLength       MeanLoss     MeanQValue      TimeDelta                Time
       0     178     0.437       1338.000        178.000          0.000          0.000          5.385 2024-05-17T06:55:19
     200   33439     0.434        963.190        166.090          0.000          0.000        792.393 2024-05-17T07:08:32
     400   66562     0.430        927.180        159.570          0.000          0.000        786.533 2024-05-17T07:21:38
     600   99393     0.426        907.010        159.770          0.000          0.000        787.376 2024-05-17T07:34:46
     800  133519     0.423        925.480        167.320          4.191         61.470        870.386 2024-05-17T07:49:16
    1000  161856     0.420        917.110        158.450          4.198         62.273        725.005 2024-05-17T08:01:21
    1200  192564     0.417        929.320        148.230          4.384         64.201        789.442 2024-05-17T08:14:30
    1400  224420     0.413        933.240        157.840          4.686         65.922        814.566 2024-05-17T08:28:05
    1600  255391     0.410        928.260        152.730          4.903         67.018        791.430 2024-05-17T08:41:16
    1800  282806     0.407        820.320        128.150          4.802         67.301        701.217 2024-05-17T08:52:58
    2000  312675     0.404        906.970        145.580          4.856         67.612        769.794 2024-05-17T09:05:47
    2200  339960     0.402        840.650        139.680          4.785         68.950        704.765 2024-05-17T09:17:32
    2400  367427     0.399        892.180        143.360          4.924         70.391        716.816 2024-05-17T09:29:29
    2600  394823     0.396        898.570        139.620          5.009         71.237        711.546 2024-05-17T09:41:21
    2800  427007     0.393        890.390        162.860          4.978         67.974        828.199 2024-05-17T09:55:09
    3000  458630     0.390        931.620        164.460          4.775         65.705        816.128 2024-05-17T10:08:45
    3200  493196     0.386        940.490        177.260          4.639         63.320        891.872 2024-05-17T10:23:37
    3400  525650     0.383        835.790        157.680          4.620         62.072        840.229 2024-05-17T10:37:37
    3600  556889     0.380        865.370        161.650          4.405         61.560        808.552 2024-05-17T10:51:06
    3800  590131     0.377        943.080        161.670          4.481         62.480        862.423 2024-05-17T11:05:28
    4000  623173     0.374        966.630        157.790          4.090         62.947        856.788 2024-05-17T11:19:45
    4200  656036     0.371       1014.510        161.390          4.313         63.621        852.799 2024-05-17T11:33:58
    4400  689050     0.368        920.570        157.410          4.251         63.955        854.469 2024-05-17T11:48:12
    4600  721105     0.365       1013.800        165.680          4.367         65.450        837.489 2024-05-17T12:02:10
    4800  753666     0.362       1039.310        160.300          4.445         66.315        873.267 2024-05-17T12:16:43
