 Episode    Step   Epsilon     MeanReward     MeanLength       MeanLoss     MeanQValue      TimeDelta                Time
       0     113     0.100        602.000        113.000          0.000          0.000          5.020 2024-05-18T16:11:34
     100    9437     0.100        451.810         93.240          0.000          0.000        238.183 2024-05-18T16:15:33
     200   20442     0.100        519.560        110.050          0.909          5.339        295.978 2024-05-18T16:20:28
     300   33294     0.100        614.680        128.520          0.508          5.463        346.745 2024-05-18T16:26:15
     400   47497     0.100        518.810        142.030          0.407          5.214        382.476 2024-05-18T16:32:38
     500   61308     0.100        578.370        138.110          0.369          4.990        370.627 2024-05-18T16:38:48
     600   74979     0.100        630.390        136.710          0.354          5.053        365.356 2024-05-18T16:44:54
     700   91654     0.100        673.740        166.750          0.345          5.027        450.116 2024-05-18T16:52:24
       0     207     0.100       1041.000        207.000          0.000          0.000          5.851 2024-05-18T17:07:30
     100   18334     0.100        704.540        181.270          0.112          1.900        476.731 2024-05-18T17:15:26
     200   35396     0.100        738.180        170.620          0.276          4.647        463.801 2024-05-18T17:23:10
     300   51701     0.100        685.900        163.050          0.276          4.708        445.808 2024-05-18T17:30:36
     400   70074     0.100        711.870        183.730          0.264          4.722        502.816 2024-05-18T17:38:59
     500   87911     0.100        720.850        178.370          0.269          4.638        488.052 2024-05-18T17:47:07
     600  107861     0.100        741.850        199.500          0.264          4.629        546.015 2024-05-18T17:56:13
     700  124913     0.100        703.200        170.520          0.252          4.582        465.157 2024-05-18T18:03:58
       0    1332     0.100        359.000       1332.000          0.000          0.000         42.111 2024-05-18T18:38:07
     100   29762     0.100        658.380        284.300          0.160          1.996        784.654 2024-05-18T18:51:11
       0     102     0.200        618.000        102.000          0.000          0.000          9.166 2024-05-18T19:22:46
     100   20703     0.200        690.530        206.010          0.192          2.458        553.967 2024-05-18T19:32:00
     200   40581     0.200        780.230        198.780          0.287          4.130        542.510 2024-05-18T19:41:03
     300   58161     0.200        707.490        175.800          0.277          4.339        458.559 2024-05-18T19:48:41
     400   74040     0.200        685.510        158.790          0.281          4.489        411.127 2024-05-18T19:55:32
     500   94007     0.200        708.300        199.670          0.283          4.419        516.567 2024-05-18T20:04:09
       0     330     0.200       1016.000        330.000          0.000          0.000          8.873 2024-05-18T20:08:47
     100   18201     0.200        673.720        178.710          0.106          1.640        452.331 2024-05-18T20:16:19
     200   37067     0.200        741.720        188.660          0.267          4.411        489.656 2024-05-18T20:24:29
     300   59905     0.200        689.920        228.380          0.267          4.287        602.487 2024-05-18T20:34:32
     400   77602     0.200        681.160        176.970          0.263          4.182        460.099 2024-05-18T20:42:12
     500   95609     0.200        636.570        180.070          0.259          4.199        473.433 2024-05-18T20:50:05
     600  113202     0.200        659.900        175.930          0.263          4.220        484.190 2024-05-18T20:58:09
       0     182     0.200       1046.000        182.000          0.000          0.000          5.306 2024-05-18T21:06:40
     100   23494     0.200        545.470        233.120          0.934          1.321        621.484 2024-05-18T21:17:02
     200   37224     0.200        577.010        137.300          2.484          2.208        374.129 2024-05-18T21:23:16
     300   47879     0.200        522.980        106.550          2.446          4.040        290.141 2024-05-18T21:28:06
     400   58942     0.200        543.190        110.630          2.349          4.673        302.476 2024-05-18T21:33:09
     500   69474     0.200        549.900        105.320          2.270          5.012        289.994 2024-05-18T21:37:58
     600   79922     0.200        537.710        104.480          2.227          5.347        287.552 2024-05-18T21:42:46
       0     212     0.200       1039.000        212.000          0.000          0.000          6.039 2024-05-18T21:45:43
     100   12405     0.200        613.520        121.930          0.368          1.357        319.564 2024-05-18T21:51:03
     200   23969     0.200        577.830        115.640          1.725          6.998        312.981 2024-05-18T21:56:16
     300   35069     0.200        493.390        111.000          1.666          7.192        298.654 2024-05-18T22:01:14
     400   44973     0.200        511.550         99.040          1.741          7.198        269.552 2024-05-18T22:05:44
     500   56631     0.200        583.050        116.580          1.705          7.234        317.657 2024-05-18T22:11:02
     600   66408     0.200        509.920         97.770          1.696          7.250        267.343 2024-05-18T22:15:29
     700   77408     0.200        562.390        110.000          1.651          7.260        299.728 2024-05-18T22:20:29
     800   86725     0.200        472.600         93.170          1.629          7.277        254.579 2024-05-18T22:24:43
     900   97734     0.200        564.780        110.090          1.637          7.271        301.220 2024-05-18T22:29:45
    1000  107864     0.200        524.750        101.300          1.648          7.264        276.391 2024-05-18T22:34:21
    1100  119446     0.200        582.780        115.820          1.624          7.281        316.961 2024-05-18T22:39:38
    1200  128379     0.200        474.300         89.330          1.593          7.286        244.644 2024-05-18T22:43:42
    1300  141879     0.200        577.240        135.000          1.599          7.240        371.254 2024-05-18T22:49:54
    1400  153985     0.200        612.320        121.060          1.641          7.265        333.768 2024-05-18T22:55:28
    1500  165383     0.200        575.190        113.980          1.632          7.271        314.735 2024-05-18T23:00:42
    1600  177486     0.200        606.930        121.030          1.648          7.259        335.985 2024-05-18T23:06:18
    1700  187234     0.200        502.610         97.480          1.661          7.257        270.281 2024-05-18T23:10:49
    1800  197130     0.200        511.210         98.960          1.648          7.256        257.806 2024-05-18T23:15:06
    1900  208268     0.200        565.380        111.380          1.655          7.258        287.213 2024-05-18T23:19:54
    2000  219163     0.200        560.590        108.950          1.638          7.261        279.322 2024-05-18T23:24:33
    2100  230460     0.200        568.630        112.970          1.654          7.257        290.177 2024-05-18T23:29:23
    2200  242958     0.200        546.070        124.980          1.624          7.205        321.312 2024-05-18T23:34:44
    2300  253868     0.200        522.930        109.100          1.660          7.259        280.503 2024-05-18T23:39:25
    2400  263205     0.200        469.760         93.370          1.673          7.250        240.113 2024-05-18T23:43:25
    2500  274139     0.200        559.010        109.340          1.670          7.253        280.932 2024-05-18T23:48:06
    2600  285292     0.200        565.160        111.530          1.648          7.262        286.980 2024-05-18T23:52:53
    2700  296658     0.200        579.260        113.660          1.712          7.251        292.522 2024-05-18T23:57:45
    2800  307517     0.200        549.360        108.590          1.685          7.248        278.179 2024-05-19T00:02:24
    2900  318321     0.200        549.000        108.040          1.699          7.248        277.113 2024-05-19T00:07:01
    3000  330842     0.200        615.520        125.210          1.702          7.247        321.385 2024-05-19T00:12:22
    3100  339294     0.200        447.740         84.520          1.659          7.247        217.655 2024-05-19T00:16:00
    3200  352047     0.200        565.090        127.530          1.662          7.207        327.796 2024-05-19T00:21:28
    3300  363285     0.200        560.630        112.380          1.651          7.262        288.586 2024-05-19T00:26:16
    3400  375534     0.200        629.240        122.490          1.641          7.257        313.818 2024-05-19T00:31:30
    3500  387177     0.200        587.830        116.430          1.630          7.257        298.176 2024-05-19T00:36:28
    3600  398986     0.200        581.820        118.090          1.656          7.254        303.114 2024-05-19T00:41:31
    3700  409421     0.200        519.260        104.350          1.676          7.254        268.278 2024-05-19T00:46:00
    3800  421069     0.200        574.340        116.480          1.664          7.253        299.940 2024-05-19T00:50:59
    3900  431073     0.200        524.460        100.040          1.670          7.248        256.793 2024-05-19T00:55:16
    4000  443875     0.200        630.120        128.020          1.700          7.252        329.413 2024-05-19T01:00:46
    4100  456499     0.200        548.980        126.240          1.671          7.179        325.027 2024-05-19T01:06:11
    4200  466705     0.200        511.120        102.060          1.709          7.234        262.452 2024-05-19T01:10:33
    4300  477276     0.200        541.580        105.710          1.716          7.241        271.653 2024-05-19T01:15:05
    4400  487486     0.200        541.860        102.100          1.697          7.249        261.754 2024-05-19T01:19:27
    4500  499310     0.200        574.150        118.240          1.683          7.246        304.171 2024-05-19T01:24:31
    4600  510195     0.200        539.020        108.850          1.694          7.245        279.733 2024-05-19T01:29:10
    4700  522308     0.200        609.600        121.130          1.680          7.252        310.616 2024-05-19T01:34:21
    4800  533038     0.200        542.790        107.300          1.693          7.250        275.719 2024-05-19T01:38:57
    4900  543680     0.200        560.650        106.420          1.668          7.249        274.032 2024-05-19T01:43:31
    5000  555622     0.200        510.130        119.420          1.621          7.249        309.849 2024-05-19T01:48:41
    5100  566730     0.200        553.730        111.080          1.664          7.212        285.084 2024-05-19T01:53:26
    5200  577896     0.200        547.280        111.660          1.678          7.243        287.648 2024-05-19T01:58:13
    5300  587403     0.200        492.350         95.070          1.705          7.240        243.479 2024-05-19T02:02:17
    5400  598612     0.200        558.570        112.090          1.679          7.241        288.384 2024-05-19T02:07:05
    5500  608532     0.200        504.310         99.200          1.662          7.252        254.573 2024-05-19T02:11:20
    5600  618579     0.200        505.260        100.470          1.645          7.259        256.996 2024-05-19T02:15:37
    5700  629450     0.200        552.830        108.710          1.671          7.248        278.645 2024-05-19T02:20:15
    5800  640546     0.200        558.950        110.960          1.665          7.250        284.174 2024-05-19T02:25:00
    5900  651258     0.200        553.030        107.120          1.659          7.251        273.676 2024-05-19T02:29:33
    6000  664355     0.200        577.360        130.970          1.643          7.143        334.878 2024-05-19T02:35:08
    6100  676581     0.200        621.090        122.260          1.677          7.258        313.187 2024-05-19T02:40:21
    6200  687229     0.200        541.450        106.480          1.652          7.262        273.227 2024-05-19T02:44:55
    6300  698204     0.200        552.750        109.750          1.651          7.262        282.272 2024-05-19T02:49:37
    6400  711622     0.200        673.480        134.180          1.667          7.263        345.300 2024-05-19T02:55:22
    6500  722469     0.200        539.730        108.470          1.696          7.246        279.681 2024-05-19T03:00:02
    6600  734624     0.200        603.370        121.550          1.684          7.255        312.821 2024-05-19T03:05:15
    6700  745469     0.200        529.790        108.450          1.668          7.257        278.233 2024-05-19T03:09:53
    6800  755995     0.200        541.530        105.260          1.685          7.250        270.615 2024-05-19T03:14:24
    6900  768949     0.200        552.940        129.540          1.665          7.167        332.019 2024-05-19T03:19:56
    7000  780194     0.200        565.450        112.450          1.710          7.244        288.372 2024-05-19T03:24:44
    7100  791335     0.200        556.030        111.410          1.723          7.243        286.312 2024-05-19T03:29:30
    7200  802302     0.200        530.300        109.670          1.731          7.234        281.765 2024-05-19T03:34:12
    7300  813858     0.200        571.630        115.560          1.752          7.229        296.814 2024-05-19T03:39:09
    7400  826615     0.200        636.320        127.570          1.722          7.235        327.514 2024-05-19T03:44:36
    7500  836070     0.200        485.210         94.550          1.697          7.234        242.413 2024-05-19T03:48:39
    7600  847153     0.200        552.890        110.830          1.706          7.235        284.564 2024-05-19T03:53:23
    7700  858210     0.200        563.260        110.570          1.714          7.238        283.394 2024-05-19T03:58:07
    7800  869072     0.200        546.560        108.620          1.686          7.241        279.342 2024-05-19T04:02:46
    7900  883111     0.200        606.820        140.390          1.734          7.193        359.724 2024-05-19T04:08:46
    8000  894172     0.200        565.040        110.610          1.724          7.234        283.125 2024-05-19T04:13:29
    8100  906496     0.200        587.450        123.240          1.697          7.240        315.746 2024-05-19T04:18:45
    8200  918080     0.200        588.020        115.840          1.705          7.236        295.983 2024-05-19T04:23:41
    8300  926698     0.200        437.790         86.180          1.684          7.242        219.898 2024-05-19T04:27:21
    8400  938449     0.200        585.780        117.510          1.712          7.237        301.131 2024-05-19T04:32:22
    8500  951170     0.200        636.440        127.210          1.719          7.234        326.034 2024-05-19T04:37:48
    8600  962044     0.200        550.540        108.740          1.724          7.232        278.435 2024-05-19T04:42:26
    8700  972422     0.200        536.830        103.780          1.699          7.237        266.211 2024-05-19T04:46:52
    8800  985527     0.200        563.000        131.050          1.673          7.207        335.902 2024-05-19T04:52:28
    8900  995860     0.200        517.430        103.330          1.689          7.233        264.955 2024-05-19T04:56:53
    9000 1007547     0.200        575.470        116.870          1.692          7.243        298.725 2024-05-19T05:01:52
    9100 1018438     0.200        548.540        108.910          1.691          7.243        279.407 2024-05-19T05:06:31
    9200 1029087     0.200        551.360        106.490          1.682          7.246        274.229 2024-05-19T05:11:06
    9300 1041646     0.200        611.630        125.590          1.702          7.240        323.434 2024-05-19T05:16:29
    9400 1053191     0.200        580.150        115.450          1.675          7.244        296.551 2024-05-19T05:21:26
    9500 1063654     0.200        528.560        104.630          1.706          7.244        269.385 2024-05-19T05:25:55
    9600 1074305     0.200        551.660        106.510          1.692          7.244        274.406 2024-05-19T05:30:29
    9700 1087707     0.200        586.090        134.020          1.675          7.209        344.118 2024-05-19T05:36:13
    9800 1099170     0.200        580.990        114.630          1.693          7.242        293.133 2024-05-19T05:41:07
    9900 1110521     0.200        556.550        113.510          1.682          7.250        291.179 2024-05-19T05:45:58
       0      40     0.200        231.000         40.000          0.000          0.000          1.260 2024-05-19T06:41:57
     100   10779     0.200        542.600        107.390          0.111          0.508        266.510 2024-05-19T06:46:24
     200   22535     0.200        572.890        117.560          1.649          7.141        301.136 2024-05-19T06:51:25
     300   33110     0.200        547.200        105.750          1.651          7.263        270.836 2024-05-19T06:55:56
     400   45992     0.200        662.530        128.820          1.586          7.278        331.344 2024-05-19T07:01:27
     500   58524     0.200        609.870        125.320          1.595          7.276        322.122 2024-05-19T07:06:49
     600   70361     0.200        529.010        118.370          1.691          7.171        304.833 2024-05-19T07:11:54
     700   82009     0.200        567.770        116.480          1.708          7.238        299.435 2024-05-19T07:16:53
     800   92235     0.200        516.380        102.260          1.690          7.240        262.882 2024-05-19T07:21:16
     900  102774     0.200        543.720        105.390          1.719          7.239        271.311 2024-05-19T07:25:47
    1000  113175     0.200        529.900        104.010          1.667          7.250        266.478 2024-05-19T07:30:14
    1100  124041     0.200        531.810        108.660          1.676          7.252        278.801 2024-05-19T07:34:53
    1200  134541     0.200        550.050        105.000          1.663          7.248        269.821 2024-05-19T07:39:23
    1300  145406     0.200        567.020        108.650          1.633          7.257        279.835 2024-05-19T07:44:02
    1400  156261     0.200        551.230        108.550          1.640          7.263        279.420 2024-05-19T07:48:42
    1500  169936     0.200        610.980        136.750          1.641          7.242        352.424 2024-05-19T07:54:34
    1600  181817     0.200        598.840        118.810          1.647          7.263        306.517 2024-05-19T07:59:41
    1700  193548     0.200        579.930        117.310          1.651          7.256        302.921 2024-05-19T08:04:44
    1800  204298     0.200        558.400        107.500          1.635          7.269        277.069 2024-05-19T08:09:21
    1900  216172     0.200        576.100        118.740          1.664          7.260        304.197 2024-05-19T08:14:25
    2000  227160     0.200        550.800        109.880          1.644          7.261        281.520 2024-05-19T08:19:06
    2100  237479     0.200        523.880        103.190          1.687          7.252        263.942 2024-05-19T08:23:30
    2200  247289     0.200        486.450         98.100          1.685          7.251        250.586 2024-05-19T08:27:41
    2300  259051     0.200        585.390        117.620          1.700          7.244        300.844 2024-05-19T08:32:42
    2400  268606     0.200        485.850         95.550          1.682          7.254        247.496 2024-05-19T08:36:49
    2500  282001     0.200        578.950        133.950          1.733          7.199        346.507 2024-05-19T08:42:36
    2600  293152     0.200        559.460        111.510          1.711          7.244        289.113 2024-05-19T08:47:25
    2700  304626     0.200        589.960        114.740          1.715          7.236        297.784 2024-05-19T08:52:23
    2800  315011     0.200        526.320        103.850          1.716          7.243        270.196 2024-05-19T08:56:53
    2900  326364     0.200        572.140        113.530          1.711          7.249        293.548 2024-05-19T09:01:46
    3000  338576     0.200        600.320        122.120          1.674          7.245        316.657 2024-05-19T09:07:03
    3100  350560     0.200        603.710        119.840          1.693          7.247        310.416 2024-05-19T09:12:14
    3200  362311     0.200        596.440        117.510          1.684          7.247        303.470 2024-05-19T09:17:17
    3300  372998     0.200        548.070        106.870          1.645          7.259        276.582 2024-05-19T09:21:54
    3400  385960     0.200        582.550        129.620          1.691          7.207        334.174 2024-05-19T09:27:28
    3500  397348     0.200        571.830        113.880          1.665          7.255        294.098 2024-05-19T09:32:22
    3600  408008     0.200        534.360        106.600          1.691          7.247        276.400 2024-05-19T09:36:58
    3700  419106     0.200        561.080        110.980          1.684          7.242        288.070 2024-05-19T09:41:46
    3800  431421     0.200        628.870        123.150          1.670          7.251        320.185 2024-05-19T09:47:07
    3900  442431     0.200        551.270        110.100          1.662          7.252        284.843 2024-05-19T09:51:51
    4000  453149     0.200        536.910        107.180          1.670          7.255        275.926 2024-05-19T09:56:27
    4100  465520     0.200        603.180        123.710          1.681          7.251        321.406 2024-05-19T10:01:49
    4200  476530     0.200        545.110        110.100          1.678          7.249        285.330 2024-05-19T10:06:34
    4300  490498     0.200        601.970        139.680          1.714          7.190        361.894 2024-05-19T10:12:36
    4400  501385     0.200        539.220        108.870          1.734          7.233        282.589 2024-05-19T10:17:19
    4500  512157     0.200        544.020        107.720          1.730          7.224        277.629 2024-05-19T10:21:56
    4600  524050     0.200        591.420        118.930          1.684          7.231        306.376 2024-05-19T10:27:03
    4700  535911     0.200        600.790        118.610          1.742          7.228        306.051 2024-05-19T10:32:09
    4800  547093     0.200        573.160        111.820          1.763          7.224        287.808 2024-05-19T10:36:56
    4900  557424     0.200        527.260        103.310          1.718          7.227        266.608 2024-05-19T10:41:23
    5000  567249     0.200        507.180         98.250          1.690          7.237        253.233 2024-05-19T10:45:36
    5100  579711     0.200        613.920        124.620          1.701          7.242        323.579 2024-05-19T10:51:00
    5200  594464     0.200        629.290        147.530          1.691          7.214        380.147 2024-05-19T10:57:20
    5300  605075     0.200        531.290        106.110          1.690          7.250        273.661 2024-05-19T11:01:54
    5400  615474     0.200        522.440        103.990          1.689          7.248        268.279 2024-05-19T11:06:22
    5500  626489     0.200        558.620        110.150          1.721          7.243        284.737 2024-05-19T11:11:07
    5600  636372     0.200        489.340         98.830          1.684          7.244        257.164 2024-05-19T11:15:24
    5700  646730     0.200        531.880        103.580          1.699          7.248        267.113 2024-05-19T11:19:51
    5800  656982     0.200        538.540        102.520          1.692          7.247        264.227 2024-05-19T11:24:15
    5900  668107     0.200        572.920        111.250          1.657          7.250        286.547 2024-05-19T11:29:02
    6000  679029     0.200        568.240        109.220          1.680          7.246        280.949 2024-05-19T11:33:43
    6100  691467     0.200        543.500        124.380          1.631          7.185        319.723 2024-05-19T11:39:02
    6200  702971     0.200        585.790        115.040          1.614          7.269        296.606 2024-05-19T11:43:59
    6300  713297     0.200        520.290        103.260          1.619          7.283        266.461 2024-05-19T11:48:25
    6400  726033     0.200        622.190        127.360          1.635          7.268        332.804 2024-05-19T11:53:58
    6500  736154     0.200        519.730        101.210          1.636          7.271        264.606 2024-05-19T11:58:23
    6600  747441     0.200        580.740        112.870          1.624          7.271        291.732 2024-05-19T12:03:15
    6700  758444     0.200        556.090        110.030          1.633          7.270        286.187 2024-05-19T12:08:01
    6800  768966     0.200        523.380        105.220          1.652          7.265        273.387 2024-05-19T12:12:34
    6900  780657     0.200        591.770        116.910          1.647          7.267        306.194 2024-05-19T12:17:40
    7000  793354     0.200        564.200        126.970          1.654          7.214        334.227 2024-05-19T12:23:15
    7100  804975     0.200        590.360        116.210          1.671          7.253        301.720 2024-05-19T12:28:16
    7200  816418     0.200        568.120        114.430          1.678          7.244        297.656 2024-05-19T12:33:14
    7300  827627     0.200        556.070        112.090          1.650          7.257        292.027 2024-05-19T12:38:06
    7400  838926     0.200        570.290        112.990          1.680          7.248        292.751 2024-05-19T12:42:59
    7500  850078     0.200        565.430        111.520          1.688          7.244        289.261 2024-05-19T12:47:48
    7600  861089     0.200        536.790        110.110          1.665          7.249        285.695 2024-05-19T12:52:34
    7700  873127     0.200        609.320        120.380          1.690          7.249        312.240 2024-05-19T12:57:46
    7800  882870     0.200        504.990         97.430          1.667          7.248        251.545 2024-05-19T13:01:57
    7900  893596     0.200        546.830        107.260          1.679          7.251        277.047 2024-05-19T13:06:34
    8000  906001     0.200        557.110        124.050          1.664          7.189        320.227 2024-05-19T13:11:55
    8100  917511     0.200        586.010        115.100          1.667          7.254        296.725 2024-05-19T13:16:51
    8200  928987     0.200        578.090        114.760          1.656          7.262        296.563 2024-05-19T13:21:48
    8300  939794     0.200        548.370        108.070          1.628          7.258        281.013 2024-05-19T13:26:29
    8400  951949     0.200        604.320        121.550          1.662          7.258        323.101 2024-05-19T13:31:52
    8500  962338     0.200        528.920        103.890          1.649          7.260        275.700 2024-05-19T13:36:28
    8600  973370     0.200        555.710        110.320          1.642          7.268        293.226 2024-05-19T13:41:21
    8700  984273     0.200        553.810        109.030          1.648          7.252        290.108 2024-05-19T13:46:11
    8800  995687     0.200        561.350        114.140          1.645          7.263        302.394 2024-05-19T13:51:14
    8900 1008264     0.200        547.550        125.770          1.658          7.209        331.995 2024-05-19T13:56:46
    9000 1019281     0.200        542.370        110.170          1.700          7.244        290.440 2024-05-19T14:01:36
    9100 1030645     0.200        573.560        113.640          1.704          7.247        299.639 2024-05-19T14:06:36
    9200 1040388     0.200        510.190         97.430          1.677          7.242        256.893 2024-05-19T14:10:53
    9300 1052347     0.200        607.640        119.590          1.669          7.251        315.457 2024-05-19T14:16:08
    9400 1064729     0.200        613.750        123.820          1.676          7.252        326.815 2024-05-19T14:21:35
    9500 1076368     0.200        570.830        116.390          1.680          7.245        307.182 2024-05-19T14:26:42
    9600 1086917     0.200        535.870        105.490          1.704          7.240        278.349 2024-05-19T14:31:20
    9700 1098276     0.200        583.590        113.590          1.695          7.242        300.100 2024-05-19T14:36:20
    9800 1110956     0.200        547.450        126.800          1.665          7.182        335.075 2024-05-19T14:41:55
    9900 1122491     0.200        587.130        115.350          1.671          7.252        305.418 2024-05-19T14:47:01
       0      40     0.200        231.000         40.000          0.000          0.000          8.784 2024-05-19T15:52:02
     100   11005     0.200        548.620        109.650          0.195          0.874        276.401 2024-05-19T15:56:38
     200   23538     0.200        599.830        125.330          1.711          7.190        331.252 2024-05-19T16:02:09
     300   35051     0.200        591.050        115.130          1.691          7.242        304.827 2024-05-19T16:07:14
     400   47246     0.200        616.330        121.950          1.648          7.263        322.844 2024-05-19T16:12:37
     500   58118     0.200        549.600        108.720          1.626          7.265        287.993 2024-05-19T16:17:25
     600   68631     0.200        535.940        105.130          1.624          7.267        279.464 2024-05-19T16:22:05
     700   79788     0.200        581.390        111.570          1.623          7.267        296.596 2024-05-19T16:27:01
     800   91325     0.200        585.160        115.370          1.610          7.277        306.795 2024-05-19T16:32:08
     900  101539     0.200        511.550        102.140          1.605          7.277        269.304 2024-05-19T16:36:37
    1000  113435     0.200        607.450        118.960          1.601          7.279        311.143 2024-05-19T16:41:48
    1100  125019     0.200        547.160        115.840          1.600          7.248        306.026 2024-05-19T16:46:54
    1200  135905     0.200        552.770        108.860          1.607          7.281        288.024 2024-05-19T16:51:42
    1300  147407     0.200        593.850        115.020          1.616          7.276        303.998 2024-05-19T16:56:46
    1400  158400     0.200        543.070        109.930          1.618          7.279        291.616 2024-05-19T17:01:38
    1500  169520     0.200        554.160        111.200          1.601          7.279        294.988 2024-05-19T17:06:33
    1600  180147     0.200        552.880        106.270          1.604          7.274        282.438 2024-05-19T17:11:16
    1700  189700     0.200        489.290         95.530          1.624          7.265        253.858 2024-05-19T17:15:29
    1800  202214     0.200        619.330        125.140          1.619          7.269        331.369 2024-05-19T17:21:01
    1900  214704     0.200        619.430        124.900          1.630          7.265        330.508 2024-05-19T17:26:31
    2000  226115     0.200        535.860        114.110          1.629          7.202        302.106 2024-05-19T17:31:33
    2100  236813     0.200        551.030        106.980          1.630          7.259        283.898 2024-05-19T17:36:17
    2200  248344     0.200        574.260        115.310          1.643          7.261        307.249 2024-05-19T17:41:24
    2300  259690     0.200        564.570        113.460          1.637          7.266        301.068 2024-05-19T17:46:26
    2400  270427     0.200        554.720        107.370          1.632          7.264        285.511 2024-05-19T17:51:11
    2500  281570     0.200        570.240        111.430          1.630          7.266        295.978 2024-05-19T17:56:07
    2600  292494     0.200        551.930        109.240          1.647          7.262        290.098 2024-05-19T18:00:57
    2700  302954     0.200        545.900        104.600          1.630          7.264        277.776 2024-05-19T18:05:35
    2800  314520     0.200        587.000        115.660          1.628          7.272        307.595 2024-05-19T18:10:43
    2900  327489     0.200        584.440        129.690          1.628          7.252        344.073 2024-05-19T18:16:27
    3000  338068     0.200        534.080        105.790          1.640          7.266        280.497 2024-05-19T18:21:07
    3100  349567     0.200        569.060        114.990          1.658          7.257        305.224 2024-05-19T18:26:12
    3200  361605     0.200        600.520        120.380          1.661          7.259        320.088 2024-05-19T18:31:32
    3300  373518     0.200        597.230        119.130          1.665          7.258        316.280 2024-05-19T18:36:49
    3400  384640     0.200        569.950        111.220          1.648          7.257        295.619 2024-05-19T18:41:44
    3500  395761     0.200        576.630        111.210          1.658          7.255        295.144 2024-05-19T18:46:39
    3600  407535     0.200        596.260        117.740          1.656          7.259        312.208 2024-05-19T18:51:52
    3700  418561     0.200        553.830        110.260          1.651          7.261        292.394 2024-05-19T18:56:44
    3800  429657     0.200        533.660        110.960          1.657          7.202        294.472 2024-05-19T19:01:39
    3900  440982     0.200        521.210        113.250          1.641          7.223        300.679 2024-05-19T19:06:39
    4000  450760     0.200        495.070         97.780          1.676          7.243        259.727 2024-05-19T19:10:59
    4100  461594     0.200        543.080        108.340          1.657          7.256        287.296 2024-05-19T19:15:46
    4200  472472     0.200        535.060        108.780          1.652          7.255        288.666 2024-05-19T19:20:35
    4300  484370     0.200        606.920        118.980          1.651          7.259        317.027 2024-05-19T19:25:52
    4400  496039     0.200        593.540        116.690          1.664          7.254        311.409 2024-05-19T19:31:03
    4500  507641     0.200        583.660        116.020          1.669          7.254        309.076 2024-05-19T19:36:12
    4600  519333     0.200        592.880        116.920          1.667          7.252        310.112 2024-05-19T19:41:23
    4700  530968     0.200        573.180        116.350          1.673          7.259        308.293 2024-05-19T19:46:31
    4800  543253     0.200        563.790        122.850          1.662          7.221        326.108 2024-05-19T19:51:57
    4900  554946     0.200        581.870        116.930          1.671          7.252        310.950 2024-05-19T19:57:08
    5000  566768     0.200        584.900        118.220          1.670          7.256        314.462 2024-05-19T20:02:22
    5100  579096     0.200        627.510        123.280          1.677          7.247        327.167 2024-05-19T20:07:49
    5200  589602     0.200        543.120        105.060          1.670          7.254        278.710 2024-05-19T20:12:28
    5300  600732     0.200        549.720        111.300          1.678          7.251        294.534 2024-05-19T20:17:23
    5400  611830     0.200        578.960        110.980          1.676          7.255        292.915 2024-05-19T20:22:16
    5500  623568     0.200        587.040        117.380          1.639          7.267        310.188 2024-05-19T20:27:26
    5600  635888     0.200        603.080        123.200          1.654          7.265        325.117 2024-05-19T20:32:51
    5700  649212     0.200        580.160        133.240          1.692          7.205        351.897 2024-05-19T20:38:43
    5800  659597     0.200        535.470        103.850          1.698          7.248        274.163 2024-05-19T20:43:17
    5900  670685     0.200        555.320        110.880          1.659          7.257        293.286 2024-05-19T20:48:10
    6000  680925     0.200        517.980        102.400          1.676          7.248        271.130 2024-05-19T20:52:41
    6100  692280     0.200        564.550        113.550          1.691          7.243        300.161 2024-05-19T20:57:42
    6200  702499     0.200        521.560        102.190          1.695          7.247        269.435 2024-05-19T21:02:11
    6300  714215     0.200        580.110        117.160          1.683          7.241        309.978 2024-05-19T21:07:21
    6400  724777     0.200        531.640        105.620          1.702          7.242        279.328 2024-05-19T21:12:00
    6500  735147     0.200        515.620        103.700          1.710          7.235        274.355 2024-05-19T21:16:35
    6600  745917     0.200        544.900        107.700          1.666          7.257        283.948 2024-05-19T21:21:19
    6700  757924     0.200        542.430        120.070          1.667          7.236        317.031 2024-05-19T21:26:36
    6800  767835     0.200        525.230         99.110          1.681          7.253        262.039 2024-05-19T21:30:58
    6900  779531     0.200        575.920        116.960          1.663          7.260        309.195 2024-05-19T21:36:07
    7000  791735     0.200        613.480        122.040          1.655          7.259        322.514 2024-05-19T21:41:29
    7100  800997     0.200        469.060         92.620          1.669          7.255        244.417 2024-05-19T21:45:34
    7200  812236     0.200        571.920        112.390          1.649          7.259        297.044 2024-05-19T21:50:31
    7300  822585     0.200        536.890        103.490          1.653          7.262        273.679 2024-05-19T21:55:05
    7400  833715     0.200        547.840        111.300          1.655          7.264        295.115 2024-05-19T22:00:00
    7500  844272     0.200        530.890        105.570          1.653          7.263        279.131 2024-05-19T22:04:39
    7600  859031     0.200        649.200        147.590          1.644          7.237        390.185 2024-05-19T22:11:09
    7700  870327     0.200        577.570        112.960          1.673          7.249        299.382 2024-05-19T22:16:08
    7800  881768     0.200        569.990        114.410          1.679          7.250        303.741 2024-05-19T22:21:12
    7900  892254     0.200        532.850        104.860          1.659          7.251        277.508 2024-05-19T22:25:50
    8000  903969     0.200        596.380        117.150          1.663          7.257        310.292 2024-05-19T22:31:00
    8100  914436     0.200        536.100        104.670          1.694          7.252        277.081 2024-05-19T22:35:37
    8200  925377     0.200        556.420        109.410          1.672          7.250        290.221 2024-05-19T22:40:27
    8300  936905     0.200        576.090        115.280          1.667          7.254        305.605 2024-05-19T22:45:33
    8400  946906     0.200        516.940        100.010          1.658          7.264        263.755 2024-05-19T22:49:57
    8500  957688     0.200        497.950        107.820          1.615          7.206        283.921 2024-05-19T22:54:40
    8600  968649     0.200        566.940        109.610          1.619          7.276        288.809 2024-05-19T22:59:29
    8700  980463     0.200        601.400        118.140          1.619          7.275        311.291 2024-05-19T23:04:41
    8800  991275     0.200        537.890        108.120          1.611          7.278        285.513 2024-05-19T23:09:26
    8900 1002544     0.200        569.030        112.690          1.602          7.278        297.198 2024-05-19T23:14:23
    9000 1014093     0.200        567.190        115.490          1.615          7.268        304.874 2024-05-19T23:19:28
    9100 1026071     0.200        605.620        119.780          1.662          7.265        316.038 2024-05-19T23:24:44
    9200 1037027     0.200        549.000        109.560          1.636          7.262        290.069 2024-05-19T23:29:34
    9300 1048374     0.200        573.160        113.470          1.660          7.260        299.701 2024-05-19T23:34:34
    9400 1060875     0.200        533.240        125.010          1.622          7.167        329.411 2024-05-19T23:40:03
    9500 1072233     0.200        581.530        113.580          1.698          7.229        299.874 2024-05-19T23:45:03
    9600 1084498     0.200        608.450        122.650          1.712          7.241        324.171 2024-05-19T23:50:27
    9700 1095575     0.200        555.990        110.770          1.718          7.239        292.761 2024-05-19T23:55:20
    9800 1106733     0.200        556.470        111.580          1.704          7.237        294.859 2024-05-20T00:00:15
    9900 1119479     0.200        628.630        127.460          1.719          7.242        336.053 2024-05-20T00:05:51
