 Episode    Step   Epsilon     MeanReward     MeanLength       MeanLoss     MeanQValue      TimeDelta                Time
   20000     176     0.100        753.000        176.000          0.000          0.000          5.739 2024-05-17T13:10:05
   21000  224863     0.100        990.790        198.790          1.319         44.894       6022.347 2024-05-17T14:50:27
   22000  437634     0.100       1077.030        223.580          1.323         50.557       5852.277 2024-05-17T16:27:59
   23000  638114     0.100        926.700        167.590          1.160         52.896       5448.745 2024-05-17T17:58:48
   24000  831696     0.100       1023.330        183.100          1.347         56.984       5220.390 2024-05-17T19:25:48
   25000 1019475     0.100        828.610        168.200          1.207         50.879       5068.450 2024-05-17T20:50:17
   26000 1231343     0.100       1150.790        231.200          1.190         50.095       5737.769 2024-05-17T22:25:55
   27000 1432057     0.100       1111.050        250.230          1.372         52.012       5523.572 2024-05-17T23:57:58
   28000 1626966     0.100       1031.690        183.720          1.253         54.572       5405.580 2024-05-18T01:28:04
   29000     156     0.100        636.000        156.000          0.000          0.000          5.109 2024-05-18T10:49:53
   30000  196657     0.100       1235.990        213.220          1.299         52.674       5245.287 2024-05-18T12:17:19
   31000  446934     0.100       1122.480        270.570          1.147         49.344       6966.829 2024-05-18T14:13:26
   32000  685895     0.100       1219.970        269.340          1.026         49.678       6646.942 2024-05-18T16:04:13
   33000  915703     0.100       1203.320        221.710          1.057         55.100       6401.233 2024-05-18T17:50:54
   34000 1160110     0.100       1327.120        237.640          1.179         54.605       6805.688 2024-05-18T19:44:19
   35000 1396127     0.100       1404.390        246.350          1.071         54.533       6539.643 2024-05-18T21:33:19
   36000 1628970     0.100       1261.020        232.480          1.178         56.085       6393.624 2024-05-18T23:19:53
   37000 1843027     0.100       1145.390        207.670          1.156         56.042       5866.186 2024-05-19T00:57:39
   38000 2069012     0.100       1378.150        236.520          0.997         57.708       6204.548 2024-05-19T02:41:03
   39000     331     0.100       1886.000        331.000          0.000          0.000          9.786 2024-05-19T04:49:42
   40000  248102     0.100       1283.700        250.810          1.064         53.847       6605.825 2024-05-19T06:39:48
   41000  508856     0.100       1392.900        252.070          1.145         53.162       7212.031 2024-05-19T08:40:00
   42000  761198     0.100       1399.670        243.540          1.035         55.903       6907.379 2024-05-19T10:35:07
   43000 1018179     0.100       1380.800        269.130          1.040         56.013       7065.276 2024-05-19T12:32:52
   44000 1259196     0.100       1260.400        220.200          1.000         55.868       6633.857 2024-05-19T14:23:26
   45000 1473848     0.100       1194.910        217.260          1.112         55.753       5887.916 2024-05-19T16:01:34
   46000 1716903     0.100       1351.550        237.260          1.104         56.056       6776.964 2024-05-19T17:54:31
   47000 1960031     0.100       1480.200        262.080          1.059         56.744       6792.182 2024-05-19T19:47:43
   48000 2177296     0.100       1122.150        197.220          1.001         55.177       6039.137 2024-05-19T21:28:22
   49000      40     0.100        231.000         40.000          0.000          0.000          1.412 2024-05-20T00:17:45
   50000  259334     0.100       1144.840        216.250          1.140         50.158       6900.013 2024-05-20T02:12:45
