 Episode    Step   Epsilon     MeanReward     MeanLength       MeanLoss     MeanQValue      TimeDelta                Time
       0      38     0.100        218.000         38.000          0.000          0.000          1.954 2024-05-18T20:58:52
     200   24910     0.100        449.320        139.270          0.000          0.000        637.547 2024-05-18T21:09:29
     400   51527     0.100        477.190        125.840          0.000          0.000        683.616 2024-05-18T21:20:53
     600   74219     0.100        355.320         99.500          0.000          0.000        579.502 2024-05-18T21:30:32
     800   89813     0.100        407.460         83.270          0.000          0.000        399.727 2024-05-18T21:37:12
    1000  111229     0.100        395.800        126.310          4.283         39.990        566.601 2024-05-18T21:46:39
    1200  129079     0.100        367.660         96.810          2.446         41.048        484.881 2024-05-18T21:54:44
    1400  150466     0.100        467.760        100.950          1.951         42.652        582.147 2024-05-18T22:04:26
    1600  168039     0.100        398.200         77.640          1.682         44.080        478.328 2024-05-18T22:12:24
    1800  188721     0.100        439.240         98.120          1.655         44.611        563.502 2024-05-18T22:21:48
    2000  205164     0.100        416.440         84.060          1.590         44.654        448.798 2024-05-18T22:29:16
    2200  220122     0.100        404.350         73.670          1.547         46.429        408.854 2024-05-18T22:36:05
    2400  239312     0.100        485.160        101.880          1.651         47.843        524.983 2024-05-18T22:44:50
    2600  259195     0.100        413.270         86.480          1.712         48.804        542.040 2024-05-18T22:53:52
    2800  284975     0.100        420.970        115.610          1.598         47.011        705.434 2024-05-18T23:05:38
    3000  301699     0.100        430.850         86.540          1.585         47.053        457.636 2024-05-18T23:13:15
    3200  318221     0.100        349.260         65.090          1.674         47.222        450.113 2024-05-18T23:20:45
    3400  337626     0.100        513.890        113.180          1.647         47.123        528.505 2024-05-18T23:29:34
    3600  357161     0.100        413.380         92.140          1.612         47.337        532.004 2024-05-18T23:38:26
    3800  379802     0.100        503.830        123.340          1.697         49.032        617.826 2024-05-18T23:48:44
    4000  396908     0.100        417.990         79.940          1.756         49.788        466.621 2024-05-18T23:56:30
    4200  418897     0.100        483.700         93.870          1.702         50.129        599.842 2024-05-19T00:06:30
    4400  438727     0.100        545.460         98.500          1.715         50.660        540.167 2024-05-19T00:15:30
    4600  460175     0.100        512.160        101.650          1.721         51.540        585.717 2024-05-19T00:25:16
    4800  484019     0.100        578.180        125.490          1.672         51.177        651.150 2024-05-19T00:36:07
    5000  506742     0.100        571.520        119.780          1.635         50.268        619.460 2024-05-19T00:46:27
    5200  529587     0.100        532.630         95.800          1.657         48.422        624.663 2024-05-19T00:56:51
    5400  546785     0.100        438.820         79.970          1.648         48.778        470.357 2024-05-19T01:04:42
    5600  568426     0.100        578.380        105.700          1.662         48.465        591.192 2024-05-19T01:14:33
    5800  586452     0.100        443.410         82.530          1.664         50.055        491.766 2024-05-19T01:22:45
    6000  609513     0.100        477.050         92.820          1.622         50.689        628.925 2024-05-19T01:33:14
    6200  633812     0.100        563.790        102.550          1.604         52.383        662.977 2024-05-19T01:44:17
    6400  667639     0.100        853.740        151.540          1.502         53.054        920.797 2024-05-19T01:59:37
    6600  695746     0.100        907.830        187.270          1.419         52.663        768.839 2024-05-19T02:12:26
    6800  716762     0.100        551.480        108.110          1.420         53.309        577.259 2024-05-19T02:22:04
    7000  744979     0.100        642.740        114.240          1.381         52.129        778.805 2024-05-19T02:35:02
    7200  777174     0.100        951.110        162.720          1.366         50.714        885.105 2024-05-19T02:49:47
    7400  800249     0.100        550.880        100.570          1.375         50.259        636.145 2024-05-19T03:00:24
    7600  827115     0.100        761.830        148.490          1.427         50.148        739.474 2024-05-19T03:12:43
    7800  852312     0.100        637.740        118.140          1.374         50.230        692.405 2024-05-19T03:24:15
    8000  878098     0.100        525.320        108.340          1.348         49.923        707.210 2024-05-19T03:36:03
    8200  903298     0.100        684.120        120.110          1.349         51.586        693.624 2024-05-19T03:47:36
    8400  923910     0.100        567.980        108.300          1.408         51.930        568.857 2024-05-19T03:57:05
    8600  946554     0.100        607.510        111.070          1.435         53.301        625.106 2024-05-19T04:07:30
    8800  976552     0.100        896.060        163.740          1.466         53.443        828.076 2024-05-19T04:21:18
    9000  999759     0.100        521.260         95.540          1.442         54.805        641.966 2024-05-19T04:32:00
    9200 1023959     0.100        592.300        110.590          1.374         54.380        675.291 2024-05-19T04:43:16
    9400 1041960     0.100        483.810         93.280          1.405         53.922        501.067 2024-05-19T04:51:37
    9600 1065399     0.100        610.650        107.380          1.438         53.702        653.511 2024-05-19T05:02:30
    9800 1094350     0.100        602.310        123.350          1.333         54.480        803.149 2024-05-19T05:15:53
   10000      65     0.100        370.000         65.000          0.000          0.000          2.965 2024-05-19T14:36:56
   10200   32331     0.100        971.620        167.940          0.000          0.000        825.951 2024-05-19T14:50:42
   10400   53519     0.100        622.280        109.840          0.000          0.000        551.180 2024-05-19T14:59:53
   10600   81855     0.100        808.340        160.550          0.000          0.000        734.554 2024-05-19T15:12:08
   10800  114128     0.100        660.080        124.170          1.479         54.360        856.771 2024-05-19T15:26:25
   11000  141014     0.100        810.520        146.790          1.325         54.336        737.845 2024-05-19T15:38:42
   11200  163627     0.100        496.190         91.460          1.314         53.460        621.029 2024-05-19T15:49:03
   11400  191656     0.100        654.720        121.240          1.400         53.968        775.169 2024-05-19T16:01:59
   11600  214045     0.100        604.290        111.200          1.430         54.286        614.555 2024-05-19T16:12:13
   11800  241939     0.100        743.480        142.350          1.453         53.887        764.407 2024-05-19T16:24:58
   12000  265469     0.100        658.360        126.110          1.545         54.026        644.788 2024-05-19T16:35:42
   12200  289093     0.100        618.950        143.930          1.528         53.818        646.481 2024-05-19T16:46:29
   12400  313323     0.100        649.490        123.080          1.640         51.889        662.130 2024-05-19T16:57:31
   12600  337707     0.100        525.420         98.960          1.591         51.850        667.338 2024-05-19T17:08:38
   12800  359941     0.100        681.450        125.880          1.471         51.315        608.666 2024-05-19T17:18:47
   13000  381099     0.100        602.660        110.390          1.552         51.031        580.138 2024-05-19T17:28:27
   13200  403478     0.100        680.380        121.220          1.579         53.265        611.497 2024-05-19T17:38:39
   13400  426945     0.100        554.240         96.840          1.531         53.484        641.808 2024-05-19T17:49:20
   13600  451338     0.100        639.800        119.040          1.523         53.400        666.507 2024-05-19T18:00:27
   13800  475964     0.100        601.680        110.120          1.485         53.805        673.517 2024-05-19T18:11:40
   14000  499174     0.100        703.890        129.170          1.458         54.099        634.952 2024-05-19T18:22:15
   14200  524653     0.100        632.100        119.650          1.551         54.181        698.036 2024-05-19T18:33:53
   14400  549981     0.100        649.730        117.750          1.486         54.289        696.884 2024-05-19T18:45:30
   14600  576365     0.100        681.910        125.920          1.466         53.143        721.408 2024-05-19T18:57:32
   14800  599235     0.100        709.820        128.290          1.441         53.050        624.376 2024-05-19T19:07:56
   15000  620442     0.100        657.170        119.860          1.491         53.582        578.629 2024-05-19T19:17:35
   15200  651354     0.100        965.640        186.050          1.423         52.642        840.779 2024-05-19T19:31:36
   15400  673402     0.100        627.580        131.680          1.404         52.201        602.180 2024-05-19T19:41:38
   15600  702250     0.100        768.710        140.070          1.372         52.919        785.874 2024-05-19T19:54:44
   15800  729253     0.100        724.340        138.920          1.277         53.987        736.894 2024-05-19T20:07:00
   16000  756917     0.100        906.140        151.110          1.314         56.086        752.613 2024-05-19T20:19:33
   16200  778007     0.100        562.220         99.330          1.312         56.883        573.948 2024-05-19T20:29:07
   16400  804490     0.100        711.110        122.010          1.323         56.276        718.903 2024-05-19T20:41:06
   16600  826177     0.100        557.210        120.650          1.375         55.382        590.733 2024-05-19T20:50:57
   16800  848657     0.100        799.370        136.860          1.348         55.122        613.460 2024-05-19T21:01:10
   17000  872129     0.100        571.050        106.290          1.358         54.775        639.611 2024-05-19T21:11:50
   17200  891825     0.100        635.200        108.530          1.353         54.962        536.701 2024-05-19T21:20:46
   17400  916097     0.100        602.030        127.540          1.346         54.750        674.015 2024-05-19T21:32:00
   17600  942659     0.100        534.010        110.750          1.391         55.516        729.908 2024-05-19T21:44:10
   17800  966994     0.100        739.540        139.320          1.433         54.576        663.594 2024-05-19T21:55:14
   18000  995303     0.100        701.340        135.130          1.411         54.303        770.113 2024-05-19T22:08:04
   18200 1019205     0.100        568.800        112.410          1.419         53.033        655.148 2024-05-19T22:18:59
   18400 1046676     0.100        612.340        130.080          1.370         51.783        760.382 2024-05-19T22:31:40
   18600 1069933     0.100        556.770        119.320          1.345         51.138        635.812 2024-05-19T22:42:15
   18800 1092994     0.100        612.690        118.250          1.403         50.110        634.516 2024-05-19T22:52:50
   19000 1115930     0.100        721.180        124.030          1.341         50.317        635.381 2024-05-19T23:03:25
   19200 1143307     0.100        762.400        141.350          1.389         51.945        754.244 2024-05-19T23:16:00
   19400 1174121     0.100        721.710        152.720          1.299         52.869        841.624 2024-05-19T23:30:01
   19600 1196116     0.100        580.330        108.980          1.245         52.267        600.201 2024-05-19T23:40:01
   19800 1226423     0.100        793.960        162.290          1.295         51.574        827.721 2024-05-19T23:53:49
