 Episode    Step   Epsilon     MeanReward     MeanLength       MeanLoss     MeanQValue      TimeDelta                Time
       0      65     0.100        370.000         65.000          0.000          0.000          2.965 2024-05-19T14:36:56
     200   32331     0.100        971.620        167.940          0.000          0.000        825.951 2024-05-19T14:50:42
     400   53519     0.100        622.280        109.840          0.000          0.000        551.180 2024-05-19T14:59:53
     600   81855     0.100        808.340        160.550          0.000          0.000        734.554 2024-05-19T15:12:08
     800  114128     0.100        660.080        124.170          1.479         54.360        856.771 2024-05-19T15:26:25
    1000  141014     0.100        810.520        146.790          1.325         54.336        737.845 2024-05-19T15:38:42
    1200  163627     0.100        496.190         91.460          1.314         53.460        621.029 2024-05-19T15:49:03
    1400  191656     0.100        654.720        121.240          1.400         53.968        775.169 2024-05-19T16:01:59
    1600  214045     0.100        604.290        111.200          1.430         54.286        614.555 2024-05-19T16:12:13
    1800  241939     0.100        743.480        142.350          1.453         53.887        764.407 2024-05-19T16:24:58
    2000  265469     0.100        658.360        126.110          1.545         54.026        644.788 2024-05-19T16:35:42
    2200  289093     0.100        618.950        143.930          1.528         53.818        646.481 2024-05-19T16:46:29
    2400  313323     0.100        649.490        123.080          1.640         51.889        662.130 2024-05-19T16:57:31
    2600  337707     0.100        525.420         98.960          1.591         51.850        667.338 2024-05-19T17:08:38
    2800  359941     0.100        681.450        125.880          1.471         51.315        608.666 2024-05-19T17:18:47
    3000  381099     0.100        602.660        110.390          1.552         51.031        580.138 2024-05-19T17:28:27
    3200  403478     0.100        680.380        121.220          1.579         53.265        611.497 2024-05-19T17:38:39
    3400  426945     0.100        554.240         96.840          1.531         53.484        641.808 2024-05-19T17:49:20
    3600  451338     0.100        639.800        119.040          1.523         53.400        666.507 2024-05-19T18:00:27
    3800  475964     0.100        601.680        110.120          1.485         53.805        673.517 2024-05-19T18:11:40
    4000  499174     0.100        703.890        129.170          1.458         54.099        634.952 2024-05-19T18:22:15
    4200  524653     0.100        632.100        119.650          1.551         54.181        698.036 2024-05-19T18:33:53
    4400  549981     0.100        649.730        117.750          1.486         54.289        696.884 2024-05-19T18:45:30
    4600  576365     0.100        681.910        125.920          1.466         53.143        721.408 2024-05-19T18:57:32
    4800  599235     0.100        709.820        128.290          1.441         53.050        624.376 2024-05-19T19:07:56
    5000  620442     0.100        657.170        119.860          1.491         53.582        578.629 2024-05-19T19:17:35
    5200  651354     0.100        965.640        186.050          1.423         52.642        840.779 2024-05-19T19:31:36
    5400  673402     0.100        627.580        131.680          1.404         52.201        602.180 2024-05-19T19:41:38
    5600  702250     0.100        768.710        140.070          1.372         52.919        785.874 2024-05-19T19:54:44
    5800  729253     0.100        724.340        138.920          1.277         53.987        736.894 2024-05-19T20:07:00
    6000  756917     0.100        906.140        151.110          1.314         56.086        752.613 2024-05-19T20:19:33
    6200  778007     0.100        562.220         99.330          1.312         56.883        573.948 2024-05-19T20:29:07
    6400  804490     0.100        711.110        122.010          1.323         56.276        718.903 2024-05-19T20:41:06
    6600  826177     0.100        557.210        120.650          1.375         55.382        590.733 2024-05-19T20:50:57
    6800  848657     0.100        799.370        136.860          1.348         55.122        613.460 2024-05-19T21:01:10
    7000  872129     0.100        571.050        106.290          1.358         54.775        639.611 2024-05-19T21:11:50
    7200  891825     0.100        635.200        108.530          1.353         54.962        536.701 2024-05-19T21:20:46
    7400  916097     0.100        602.030        127.540          1.346         54.750        674.015 2024-05-19T21:32:00
    7600  942659     0.100        534.010        110.750          1.391         55.516        729.908 2024-05-19T21:44:10
    7800  966994     0.100        739.540        139.320          1.433         54.576        663.594 2024-05-19T21:55:14
    8000  995303     0.100        701.340        135.130          1.411         54.303        770.113 2024-05-19T22:08:04
    8200 1019205     0.100        568.800        112.410          1.419         53.033        655.148 2024-05-19T22:18:59
    8400 1046676     0.100        612.340        130.080          1.370         51.783        760.382 2024-05-19T22:31:40
    8600 1069933     0.100        556.770        119.320          1.345         51.138        635.812 2024-05-19T22:42:15
    8800 1092994     0.100        612.690        118.250          1.403         50.110        634.516 2024-05-19T22:52:50
    9000 1115930     0.100        721.180        124.030          1.341         50.317        635.381 2024-05-19T23:03:25
    9200 1143307     0.100        762.400        141.350          1.389         51.945        754.244 2024-05-19T23:16:00
    9400 1174121     0.100        721.710        152.720          1.299         52.869        841.624 2024-05-19T23:30:01
    9600 1196116     0.100        580.330        108.980          1.245         52.267        600.201 2024-05-19T23:40:01
    9800 1226423     0.100        793.960        162.290          1.295         51.574        827.721 2024-05-19T23:53:49
