 Episode    Step   Epsilon     MeanReward     MeanLength       MeanLoss     MeanQValue      TimeDelta                Time
       0      38     0.100        218.000         38.000          0.000          0.000          1.954 2024-05-18T20:58:52
     200   24910     0.100        449.320        139.270          0.000          0.000        637.547 2024-05-18T21:09:29
     400   51527     0.100        477.190        125.840          0.000          0.000        683.616 2024-05-18T21:20:53
     600   74219     0.100        355.320         99.500          0.000          0.000        579.502 2024-05-18T21:30:32
     800   89813     0.100        407.460         83.270          0.000          0.000        399.727 2024-05-18T21:37:12
    1000  111229     0.100        395.800        126.310          4.283         39.990        566.601 2024-05-18T21:46:39
    1200  129079     0.100        367.660         96.810          2.446         41.048        484.881 2024-05-18T21:54:44
    1400  150466     0.100        467.760        100.950          1.951         42.652        582.147 2024-05-18T22:04:26
    1600  168039     0.100        398.200         77.640          1.682         44.080        478.328 2024-05-18T22:12:24
    1800  188721     0.100        439.240         98.120          1.655         44.611        563.502 2024-05-18T22:21:48
    2000  205164     0.100        416.440         84.060          1.590         44.654        448.798 2024-05-18T22:29:16
    2200  220122     0.100        404.350         73.670          1.547         46.429        408.854 2024-05-18T22:36:05
    2400  239312     0.100        485.160        101.880          1.651         47.843        524.983 2024-05-18T22:44:50
    2600  259195     0.100        413.270         86.480          1.712         48.804        542.040 2024-05-18T22:53:52
    2800  284975     0.100        420.970        115.610          1.598         47.011        705.434 2024-05-18T23:05:38
    3000  301699     0.100        430.850         86.540          1.585         47.053        457.636 2024-05-18T23:13:15
    3200  318221     0.100        349.260         65.090          1.674         47.222        450.113 2024-05-18T23:20:45
    3400  337626     0.100        513.890        113.180          1.647         47.123        528.505 2024-05-18T23:29:34
    3600  357161     0.100        413.380         92.140          1.612         47.337        532.004 2024-05-18T23:38:26
    3800  379802     0.100        503.830        123.340          1.697         49.032        617.826 2024-05-18T23:48:44
    4000  396908     0.100        417.990         79.940          1.756         49.788        466.621 2024-05-18T23:56:30
    4200  418897     0.100        483.700         93.870          1.702         50.129        599.842 2024-05-19T00:06:30
    4400  438727     0.100        545.460         98.500          1.715         50.660        540.167 2024-05-19T00:15:30
    4600  460175     0.100        512.160        101.650          1.721         51.540        585.717 2024-05-19T00:25:16
    4800  484019     0.100        578.180        125.490          1.672         51.177        651.150 2024-05-19T00:36:07
    5000  506742     0.100        571.520        119.780          1.635         50.268        619.460 2024-05-19T00:46:27
    5200  529587     0.100        532.630         95.800          1.657         48.422        624.663 2024-05-19T00:56:51
    5400  546785     0.100        438.820         79.970          1.648         48.778        470.357 2024-05-19T01:04:42
    5600  568426     0.100        578.380        105.700          1.662         48.465        591.192 2024-05-19T01:14:33
    5800  586452     0.100        443.410         82.530          1.664         50.055        491.766 2024-05-19T01:22:45
    6000  609513     0.100        477.050         92.820          1.622         50.689        628.925 2024-05-19T01:33:14
    6200  633812     0.100        563.790        102.550          1.604         52.383        662.977 2024-05-19T01:44:17
    6400  667639     0.100        853.740        151.540          1.502         53.054        920.797 2024-05-19T01:59:37
    6600  695746     0.100        907.830        187.270          1.419         52.663        768.839 2024-05-19T02:12:26
    6800  716762     0.100        551.480        108.110          1.420         53.309        577.259 2024-05-19T02:22:04
    7000  744979     0.100        642.740        114.240          1.381         52.129        778.805 2024-05-19T02:35:02
    7200  777174     0.100        951.110        162.720          1.366         50.714        885.105 2024-05-19T02:49:47
    7400  800249     0.100        550.880        100.570          1.375         50.259        636.145 2024-05-19T03:00:24
    7600  827115     0.100        761.830        148.490          1.427         50.148        739.474 2024-05-19T03:12:43
    7800  852312     0.100        637.740        118.140          1.374         50.230        692.405 2024-05-19T03:24:15
    8000  878098     0.100        525.320        108.340          1.348         49.923        707.210 2024-05-19T03:36:03
    8200  903298     0.100        684.120        120.110          1.349         51.586        693.624 2024-05-19T03:47:36
    8400  923910     0.100        567.980        108.300          1.408         51.930        568.857 2024-05-19T03:57:05
    8600  946554     0.100        607.510        111.070          1.435         53.301        625.106 2024-05-19T04:07:30
    8800  976552     0.100        896.060        163.740          1.466         53.443        828.076 2024-05-19T04:21:18
    9000  999759     0.100        521.260         95.540          1.442         54.805        641.966 2024-05-19T04:32:00
    9200 1023959     0.100        592.300        110.590          1.374         54.380        675.291 2024-05-19T04:43:16
    9400 1041960     0.100        483.810         93.280          1.405         53.922        501.067 2024-05-19T04:51:37
    9600 1065399     0.100        610.650        107.380          1.438         53.702        653.511 2024-05-19T05:02:30
    9800 1094350     0.100        602.310        123.350          1.333         54.480        803.149 2024-05-19T05:15:53
